d <- c(3, 5)
